# Created by Octave 3.8.0, Sat Jul 23 18:17:04 2016 IST <Sunny@Prithvis-MacBook-Pro.local>
# name: max_iters
# type: scalar
10


# name: img_size
# type: matrix
# rows: 1
# columns: 3
 128 128 3


